#Start @ Tue Jul  9 12:48:54 2019
#Twotheta(degree) Theta Q Time Count1 Count2 Count3 Count4 Count5 Count6 Count7 Count8
0.300000 0.150000 0.0 10 277628 414 910 856 556 3927 3321 0
0.400000 0.200000 0.0 10 277808 330 913 849 498 3957 3304 0
0.500000 0.250000 0.0 10 277790 318 974 872 534 4021 3196 0
0.600000 0.300000 0.0 10 277777 330 890 857 500 4020 3142 0
0.700000 0.350000 0.0 10 277743 342 918 821 474 3984 3202 0
0.800000 0.400000 0.0 10 277725 362 952 850 492 4015 3280 0
0.900000 0.450000 0.0 10 277715 452 886 784 508 3901 3334 0
1.000000 0.500000 0.0 10 277691 464 907 794 481 3914 3184 0
1.100000 0.550000 0.0 10 277702 554 929 829 506 3881 3139 0
1.200000 0.600000 0.0 10 277837 627 931 755 465 3762 3168 0
1.300000 0.650000 0.0 10 277916 700 909 752 476 3860 3068 0
1.400000 0.700000 0.0 10 277902 733 930 753 484 3826 3150 0
1.500000 0.750000 0.0 10 277854 838 877 803 487 3805 3088 0
1.600000 0.800000 0.0 10 277849 860 885 768 468 3663 3108 0
1.700000 0.850000 0.0 10 277825 953 818 744 438 3675 3138 0
1.800000 0.900000 0.0 10 277809 1045 861 718 470 3816 3129 0
1.900000 0.950000 0.0 10 277823 1113 806 771 497 3755 3050 0
2.000000 1.000000 0.0 10 277900 1226 746 737 484 3778 3083 0
2.100000 1.050000 0.0 10 278002 1421 793 724 461 3658 3181 0
2.200000 1.100000 0.0 10 278005 1637 690 739 460 3695 3005 0
2.300000 1.150000 0.0 10 277983 1857 665 680 449 3715 3149 0
2.400000 1.200000 0.0 10 277970 2040 625 693 441 3700 3084 0
2.500000 1.250000 0.0 10 277953 2431 629 684 444 3629 3074 0
2.600000 1.300000 0.0 10 277949 2654 618 679 466 3732 2921 0
2.700000 1.350000 0.0 10 277952 2844 608 663 462 3607 3093 0
2.800000 1.400000 0.0 10 277941 2950 565 731 466 3705 3082 0
2.900000 1.450000 0.0 10 278164 2736 591 668 471 3606 3002 0
3.000000 1.500000 0.0 10 278102 2700 608 723 451 3641 3003 0
3.100000 1.550000 0.0 10 278119 2373 615 663 465 3696 3028 0
3.200000 1.600000 0.0 10 278094 2169 586 716 439 3542 2866 0
3.300000 1.650000 0.0 10 278085 1959 573 707 475 3633 2966 0
3.400000 1.700000 0.0 10 278074 1677 606 646 502 3609 2903 0
3.500000 1.750000 0.0 10 278062 1503 576 656 465 3601 2939 0
3.600000 1.800000 0.0 10 278055 1422 592 605 425 3664 2915 0
3.700000 1.850000 0.0 10 278085 1376 580 668 446 3605 2968 0
3.800000 1.900000 0.0 10 278236 1198 556 667 454 3570 2917 0
3.900000 1.950000 0.0 10 278206 1186 545 676 435 3589 3032 0
4.000000 2.000000 0.0 10 278197 1128 593 612 416 3610 2949 0
4.100000 2.050000 0.0 10 278241 997 547 646 440 3468 2890 0
4.200000 2.100000 0.0 10 278238 972 575 650 453 3490 2941 0
4.300000 2.150000 0.0 10 278206 1029 545 655 459 3477 2803 0
4.400000 2.200000 0.0 10 278198 902 533 651 430 3466 2755 0
4.500000 2.250000 0.0 10 278174 913 532 586 428 3585 2857 0
4.600000 2.300000 0.0 10 278368 849 538 623 446 3567 2882 0
4.700000 2.350000 0.0 10 278367 780 566 600 439 3489 2884 0
4.800000 2.400000 0.0 10 278329 804 526 600 448 3450 2834 0
4.900000 2.450000 0.0 10 278329 706 530 569 442 3488 2789 0
5.000000 2.500000 0.0 10 278303 692 505 582 452 3508 2779 0
5.100000 2.550000 0.0 10 278322 711 479 594 415 3470 2837 0
5.200000 2.600000 0.0 10 278296 611 520 560 448 3422 2828 0
5.300000 2.650000 0.0 10 278303 664 496 629 393 3389 2738 0
5.400000 2.700000 0.0 10 278309 684 487 587 449 3380 2750 0
5.500000 2.750000 0.0 10 278508 637 493 647 444 3429 2711 0
5.600000 2.800000 0.0 10 278460 677 486 528 435 3369 2715 0
5.700000 2.850000 0.0 10 278467 690 444 631 452 3376 2736 0
5.800000 2.900000 0.0 10 278488 725 465 619 398 3381 2683 0
5.900000 2.950000 0.0 10 278457 674 490 626 427 3387 2762 0
6.000000 3.000000 0.0 10 278475 675 482 628 441 3275 2669 0
6.100000 3.050000 0.0 10 278454 707 496 555 400 3261 2708 0
6.200000 3.100000 0.0 10 278480 701 471 623 441 3345 2635 0
6.300000 3.150000 0.0 10 278576 653 498 618 446 3286 2736 0
6.400000 3.200000 0.0 10 278678 652 493 576 418 3244 2638 0
6.500000 3.250000 0.0 10 278633 692 508 612 424 3374 2737 0
6.600000 3.300000 0.0 10 278575 645 536 605 449 3292 2655 0
6.700000 3.350000 0.0 10 278590 618 479 642 434 3317 2688 0
6.800000 3.400000 0.0 10 278591 670 486 589 418 3293 2647 0
6.900000 3.450000 0.0 10 278572 686 493 607 444 3270 2607 0
7.000000 3.500000 0.0 10 278564 722 486 595 401 3195 2655 0
7.100000 3.550000 0.0 10 278544 705 511 595 408 3254 2558 0
7.200000 3.600000 0.0 10 278547 693 501 643 418 3201 2646 0
7.300000 3.650000 0.0 10 278738 681 484 652 414 3122 2588 0
7.400000 3.700000 0.0 10 278744 705 488 594 423 3145 2566 0
7.500000 3.750000 0.0 10 278701 735 459 618 418 3226 2552 0
7.600000 3.800000 0.0 10 278715 732 461 588 434 3164 2512 0
7.700000 3.850000 0.0 10 278697 702 480 563 451 3121 2542 0
7.800000 3.900000 0.0 10 278676 797 453 542 428 3135 2515 0
7.900000 3.950000 0.0 10 278643 777 436 583 425 3051 2480 0
8.000000 4.000000 0.0 10 278634 792 491 569 443 3175 2600 0
8.100000 4.050000 0.0 10 278792 758 457 528 413 3051 2467 0
8.200000 4.100000 0.0 10 278787 739 504 570 426 3125 2487 0
8.300000 4.150000 0.0 10 278759 780 454 619 411 2981 2469 0
8.400000 4.200000 0.0 10 278728 731 481 545 405 3077 2444 0
8.500000 4.250000 0.0 10 278732 775 448 584 427 3090 2414 0
8.600000 4.300000 0.0 10 278719 746 452 551 406 3042 2476 0
8.700000 4.350000 0.0 10 278736 783 427 518 390 3032 2412 0
8.800000 4.400000 0.0 10 278721 752 440 569 397 2999 2458 0
8.900000 4.450000 0.0 10 278827 745 437 575 372 3001 2452 0
